8.858815397974590944e-01 9.041654591102129546e-01 1.000000000000000000e+00
8.699164318414124297e-01 8.815821179098832783e-01 9.829489434196035935e-01
8.539512162261507777e-01 8.589985951634806494e-01 9.658979556718062520e-01
8.379861082701040020e-01 8.364151219296434014e-01 9.488468990914097345e-01
8.220208772749545423e-01 8.138317807293135031e-01 9.317958425110131060e-01
7.900905537036461146e-01 7.700070373859477790e-01 8.981600874174009430e-01
7.741254457475993389e-01 7.497596825122279096e-01 8.819211006332599023e-01
7.581601686127863449e-01 7.295125256887693421e-01 8.656819933920705257e-01
7.421951221762910222e-01 7.092653688653106636e-01 8.494428001101321790e-01
7.262298296615901094e-01 6.890181460250982548e-01 8.332038305341410434e-01
7.109131531569219398e-01 6.694668057859723964e-01 8.175693488436123202e-01
6.993021068293160392e-01 6.538921497497633961e-01 8.053899366740088217e-01
6.876910758815982794e-01 6.383172791591049666e-01 7.932106793777533582e-01
6.760800449338802975e-01 6.227424910893887278e-01 7.810312672081497487e-01
6.528580906976593212e-01 5.915929644625212980e-01 7.566728042400880927e-01
6.412470597499414504e-01 5.748915509778070865e-01 7.433185916850221231e-01
6.296360288022234686e-01 5.577592461414858649e-01 7.295154529185021719e-01
6.180249363349541447e-01 5.406270568344834215e-01 7.157120904460353428e-01
6.064139053872362739e-01 5.234947024855968190e-01 7.019088656387665326e-01
5.948028590596305953e-01 5.063625296827828359e-01 6.881057096640968984e-01
5.831918281119126135e-01 4.896941245749346638e-01 6.740606415198238111e-01
5.715807971641947427e-01 4.741193034968413933e-01 6.594455362059471470e-01
5.599697046969254188e-01 4.585445979480672341e-01 6.448303104350220361e-01
5.483586737492074370e-01 4.429697768699740745e-01 6.302150846640969251e-01
5.251367195129865717e-01 4.118202832514835654e-01 6.009846847466959741e-01
5.154247971162095876e-01 3.989628437904971792e-01 5.892027464207048038e-01
5.059909277117586868e-01 3.865030067330487151e-01 5.778354212555065761e-01
4.965568891285416786e-01 3.740431531714117908e-01 5.664680272577091724e-01
4.871228966849882047e-01 3.615833326181518426e-01 5.551006676762114678e-01
4.776890119006496072e-01 3.491235120648918389e-01 5.437333080947136521e-01
4.685791967330656949e-01 3.370117318373056503e-01 5.327286963105727358e-01
4.598709658169688463e-01 3.253305623901233679e-01 5.221732000275329799e-01
4.511627041410963268e-01 3.136493929429410299e-01 5.116179274504405461e-01
4.424544732249994783e-01 3.019684050418315335e-01 5.010624311674009013e-01
4.337460577502484371e-01 2.902874006365335213e-01 4.905071241740087684e-01
4.207763367506418550e-01 2.716970827856693971e-01 4.785176727698237653e-01
4.164223058819765955e-01 2.646883976215483880e-01 4.768939289647576851e-01
4.120681058345450065e-01 2.576797289616158948e-01 4.752700130781938315e-01
4.077139211670012808e-01 2.506710603016833461e-01 4.736460627753303898e-01
4.033598441586724315e-01 2.436623916417508529e-01 4.720221296806167421e-01
4.003026454329883799e-01 2.389733866660680994e-01 4.723330981552863461e-01
3.981256069288239829e-01 2.358583861412349159e-01 4.739570140418501998e-01
3.959484607654447097e-01 2.327435506582860580e-01 4.755809643447136414e-01
3.937714222612802573e-01 2.296285501334528745e-01 4.772048802312775506e-01
3.915944145168915314e-01 2.265135496086196909e-01 4.788286240363435753e-01
3.887997197169238972e-01 2.228684345513204379e-01 4.808672907488986681e-01
3.771886887692059709e-01 2.104085974938719739e-01 4.889867841409691884e-01
3.713832271249545292e-01 2.041787614860899325e-01 4.930465308370043931e-01
3.655776270617123735e-01 1.979487604364235653e-01 4.971062775330396533e-01
3.597721961772366028e-01 1.917189244286414962e-01 5.011661963105726869e-01
3.518049374976737753e-01 1.843291740577923665e-01 5.052259257984581531e-01
3.430967065815769268e-01 1.765416727457094215e-01 5.092856724944934133e-01
3.343884449057043518e-01 1.687543364755107744e-01 5.133454191905285624e-01
3.256802139896075032e-01 1.609669622456787186e-01 5.174051658865639336e-01
3.169719523137349282e-01 1.531795797637524326e-01 5.214649125825990827e-01
3.068739639723050971e-01 1.468833919672134503e-01 5.255246592786343429e-01
2.938115176288887964e-01 1.437684360036890208e-01 5.295844403909691911e-01
2.807492558441266883e-01 1.406534800401646190e-01 5.336443591685021692e-01
2.546243477774062236e-01 1.344235763652099624e-01 5.417638353524228956e-01
2.415619014339899784e-01 1.313086286537797631e-01 5.458235820484581557e-01
2.259056370057326846e-01 1.302813402985409652e-01 5.477066698788546351e-01
2.099403906306953616e-01 1.295026050211022517e-01 5.493305857654184887e-01
1.939752980545364769e-01 1.287238697436635382e-01 5.509545360682819304e-01
1.780100516794990984e-01 1.279451262141306223e-01 5.525784519548457840e-01
1.620449591033402137e-01 1.271663909366919087e-01 5.542022473843611907e-01
1.508353216965000743e-01 1.307618465414152886e-01 5.573465033039647354e-01
1.450298046846522915e-01 1.393279725528744628e-01 5.622181132984581664e-01
1.392242876728045642e-01 1.478940969139148076e-01 5.670899297907489034e-01
1.334187845028558805e-01 1.564602212749551524e-01 5.719617290748898464e-01
1.276132674910081255e-01 1.650263472864143544e-01 5.768333734856827544e-01
1.216842238339661125e-01 1.737250679477437831e-01 5.818433025881057929e-01
1.042676712604340972e-01 1.970872418002240500e-01 5.980824958700440286e-01
9.555941112255032788e-02 2.087682462055220345e-01 6.062019720539647549e-01
8.685113560477872308e-02 2.204494156527043447e-01 6.143214654460352753e-01
7.814286008700710440e-02 2.321304200580023291e-01 6.224409588381056846e-01
6.988235000995078605e-02 2.428505506127345004e-01 6.300595401982378441e-01
6.189977142410686695e-02 2.529740547556159069e-01 6.373671530837003996e-01
5.391718207234145327e-02 2.630977239403816115e-01 6.446747659691629551e-01
4.593460348649753416e-02 2.732213931251472605e-01 6.519823788546255106e-01
3.795200952076576567e-02 2.833449137722171551e-01 6.592899917400881771e-01
3.052528007544757366e-02 2.936175992743438878e-01 6.670639799008810655e-01
2.544545538156117379e-02 3.045199360693756629e-01 6.768075612610132685e-01
2.036563222566355538e-02 3.154222728644075491e-01 6.865510049559471195e-01
1.528579861144220564e-02 3.263246096594393797e-01 6.962943798182819055e-01
1.020597391755580230e-02 3.372271114963555361e-01 7.060378235132157565e-01
5.126147378082860327e-03 3.481294482913874222e-01 7.157812500000000355e-01
3.937251287988707653e-03 3.589322483259801966e-01 7.266648712830396928e-01
3.937251287988707653e-03 3.636047821216068510e-01 7.315366705671806358e-01
3.937251287988707653e-03 3.682771013627838541e-01 7.364083149779736548e-01
3.937251287988707653e-03 3.729496021500336433e-01 7.412801142621144868e-01
3.690208763521612631e-03 3.797429076551047111e-01 7.478102629405286583e-01
2.964517983549056716e-03 3.906452444501365417e-01 7.575537066354626203e-01
2.238828741565284872e-03 4.015475482367915627e-01 7.672972879955947123e-01
1.513139853318933459e-03 4.124498850318233378e-01 7.770407316905286743e-01
7.874502729776293019e-04 4.233522218268552240e-01 7.867841753854625253e-01
6.176081567542775945e-05 4.342545586218870546e-01 7.965275502477974223e-01
0.000000000000000000e+00 4.451568954169188852e-01 8.070138869768722634e-01
0.000000000000000000e+00 4.560592322119507158e-01 8.175693488436123202e-01
0.000000000000000000e+00 4.669615855111710068e-01 8.281246558370044530e-01
0.000000000000000000e+00 4.778639223062028374e-01 8.386801177037445099e-01
0.000000000000000000e+00 4.887662591012347235e-01 8.492356311949339487e-01
0.000000000000000000e+00 5.008118245248278644e-01 8.609829467235682321e-01
0.000000000000000000e+00 5.140505107386151851e-01 8.739742393997798064e-01
0.000000000000000000e+00 5.272890319105182355e-01 8.869655148678413648e-01
0.000000000000000000e+00 5.537661897836433367e-01 9.129480658039647034e-01
0.000000000000000000e+00 5.670543885627294944e-01 9.258875963656387764e-01
0.000000000000000000e+00 5.810717258825944809e-01 9.380668536618942399e-01
0.000000000000000000e+00 5.950890797066479276e-01 9.502462658314978494e-01
0.000000000000000000e+00 6.091062189762518342e-01 9.624254715033039309e-01
0.000000000000000000e+00 6.231235562961169316e-01 9.746047287995595054e-01
0.000000000000000000e+00 6.371409101201702674e-01 9.867841409691630039e-01
0.000000000000000000e+00 6.446963460386976319e-01 9.844519032213655541e-01
0.000000000000000000e+00 6.485900471821739455e-01 9.738964413546254972e-01
0.000000000000000000e+00 6.524836823088963067e-01 9.633411343612334754e-01
0.000000000000000000e+00 6.563773834523725093e-01 9.527856724944934186e-01
0.000000000000000000e+00 6.602710185790949815e-01 9.422303655011013968e-01
0.000000000000000000e+00 6.631706559490667674e-01 9.299473774779735136e-01
0.000000000000000000e+00 6.623919883388006413e-01 9.112723533865638714e-01
0.000000000000000000e+00 6.616131391824616736e-01 8.925974153359030883e-01
0.000000000000000000e+00 6.608344715721956586e-01 8.739224084526432401e-01
0.000000000000000000e+00 6.600556224158566909e-01 8.552474704019824570e-01
0.000000000000000000e+00 6.592769548055905648e-01 8.365724463105727038e-01
0.000000000000000000e+00 6.591112692579123022e-01 8.198152188876651758e-01
0.000000000000000000e+00 6.591112692579123022e-01 8.035760256057269402e-01
0.000000000000000000e+00 6.591112692579123022e-01 7.873370388215860105e-01
0.000000000000000000e+00 6.591112692579123022e-01 7.710978627477973468e-01
0.000000000000000000e+00 6.591112692579123022e-01 7.548587555066078592e-01
0.000000000000000000e+00 6.588295427613619637e-01 7.374448995044052824e-01
0.000000000000000000e+00 6.580508751510958376e-01 7.179580809471366454e-01
0.000000000000000000e+00 6.572722075408297115e-01 6.984710731002202744e-01
0.000000000000000000e+00 6.557146907742247288e-01 6.594973671530837134e-01
0.000000000000000000e+00 6.549359076346396025e-01 6.400103420980176594e-01
0.000000000000000000e+00 6.548861970190794635e-01 6.258444039096916489e-01
0.000000000000000000e+00 6.548861970190794635e-01 6.120410586453745028e-01
0.000000000000000000e+00 6.548861970190794635e-01 5.982379026707048686e-01
0.000000000000000000e+00 6.548861970190794635e-01 5.844347466960352344e-01
0.000000000000000000e+00 6.548861970190794635e-01 5.706315218887664242e-01
0.000000000000000000e+00 6.548861970190794635e-01 5.597305375825991636e-01
0.000000000000000000e+00 6.548861970190794635e-01 5.516108721090308142e-01
0.000000000000000000e+00 6.548861970190794635e-01 5.434913443006608169e-01
0.000000000000000000e+00 6.548861970190794635e-01 5.353718509085902966e-01
0.000000000000000000e+00 6.548861970190794635e-01 5.272523575165197762e-01
0.000000000000000000e+00 6.548198501815791772e-01 5.183726252753303454e-01
0.000000000000000000e+00 6.540411990755014005e-01 5.013216031112334159e-01
0.000000000000000000e+00 6.532625314652352744e-01 4.842705465308370094e-01
0.000000000000000000e+00 6.524836823088963067e-01 4.672195243667401354e-01
0.000000000000000000e+00 6.517050146986301806e-01 4.501684505781938239e-01
0.000000000000000000e+00 6.509261655422913240e-01 4.331174284140968944e-01
0.000000000000000000e+00 6.496339371005573904e-01 4.171374070759911734e-01
0.000000000000000000e+00 6.480764203339524077e-01 4.017103007984580976e-01
0.000000000000000000e+00 6.465189035673473139e-01 3.862831945209250772e-01
0.000000000000000000e+00 6.449613702965538709e-01 3.708559333700440774e-01
0.000000000000000000e+00 6.434039195467026184e-01 3.554288270925110016e-01
0.000000000000000000e+00 6.423931700386923405e-01 3.413319107929515539e-01
0.000000000000000000e+00 6.431720191950314192e-01 3.315884843061673859e-01
0.000000000000000000e+00 6.439506868052975452e-01 3.218450750275330674e-01
0.000000000000000000e+00 6.447295524658247512e-01 3.121016313325991054e-01
0.000000000000000000e+00 6.455082035719025280e-01 3.023580499724669579e-01
0.000000000000000000e+00 6.462868711821686540e-01 2.926146062775329959e-01
0.000000000000000000e+00 6.508433145163579070e-01 2.887794431442731180e-01
0.000000000000000000e+00 6.562944664096854730e-01 2.863436123348017670e-01
0.000000000000000000e+00 6.617456843197666583e-01 2.839077815253304160e-01
0.000000000000000000e+00 6.671968362130942243e-01 2.814718130506607685e-01
0.000000000000000000e+00 6.726479881064216793e-01 2.790359994493392115e-01
1.528579861144220564e-02 6.786958159241652799e-01 2.766001858480176545e-01
5.519872506881730312e-02 6.857042865338365267e-01 2.741643722466960420e-01
9.511164414384623567e-02 6.927129551937690755e-01 2.717283865638766560e-01
1.350245555289312505e-01 6.997216238537015132e-01 2.692925729625550435e-01
1.749374576860835695e-01 7.067303090178225222e-01 2.668567593612334865e-01
2.148504198247984665e-01 7.137389776777550709e-01 2.644207736784141005e-01
2.429516280995472344e-01 7.214933055710878174e-01 2.619849600770924880e-01
2.705277823831997441e-01 7.292806253370980318e-01 2.595491464757709310e-01
2.981039212869643906e-01 7.370679616072967066e-01 2.571131607929515450e-01
3.256802139896075032e-01 7.448552978774952704e-01 2.546773471916299325e-01
3.532563528933721497e-01 7.526428321979552472e-01 2.522415335903083755e-01
3.796745246614963709e-01 7.608443740852554038e-01 2.498057199889867630e-01
4.050736558208722915e-01 7.694105595117928242e-01 2.473697343061674048e-01
4.304727562204725411e-01 7.779765633922577361e-01 2.449339207048458200e-01
4.558720104189512012e-01 7.865427488187952676e-01 2.424981071035242075e-01
4.812709877794487112e-01 7.951089342453327991e-01 2.400621214207048493e-01
5.065158125240887266e-01 8.038406236734758625e-01 2.374535379955947101e-01
5.304635590475420548e-01 8.139642598498647574e-01 2.333937912995594777e-01
5.304635590475420548e-01 8.139642598498647574e-01 2.333937912995594777e-01
5.544112594313317377e-01 8.240879785471957319e-01 2.293340446035242175e-01
5.783590059547849549e-01 8.342114826900770552e-01 2.252742979074889851e-01
6.023068601374531594e-01 8.443351353706542994e-01 2.212145512114537249e-01
6.262545605212428423e-01 8.544586395135358448e-01 2.171546324339207190e-01
6.447673776583752181e-01 8.619312409103182526e-01 2.136477835903083655e-01
6.607325932736367591e-01 8.681612419599846753e-01 2.103999174008810702e-01
6.766977012296835348e-01 8.743910614635782563e-01 2.071520512114537471e-01
6.926629322248329945e-01 8.806210790174330283e-01 2.039043571035242530e-01
7.086280248009919625e-01 8.868508820168382600e-01 2.006564909140969022e-01
7.273723861496111942e-01 8.944727307896198631e-01 1.963721778634361093e-01
7.542229173247976259e-01 9.061537021865408992e-01 1.890645649779735815e-01
7.810734331200962499e-01 9.178347230960273162e-01 1.817569520925110260e-01
8.079239489153948739e-01 9.295158925432096542e-01 1.744493392070484705e-01
8.347744800905813056e-01 9.411970619903918811e-01 1.671417504129955878e-01
8.616249958858799296e-01 9.528780828998784092e-01 1.598341512940528453e-01
8.842603458198540212e-01 9.626206538695389892e-01 1.511790576817180487e-01
9.060310538391429525e-01 9.719655069063426467e-01 1.422475564427312933e-01
9.278017003388804307e-01 9.813103599431464152e-01 1.333160655286343699e-01
9.495724237380570587e-01 9.906551469631962314e-01 1.243845488023127832e-01
9.495724237380570587e-01 9.906551469631962314e-01 1.243845488023127832e-01
9.713431317573459900e-01 1.000000000000000000e+00 1.154530561674008693e-01
9.854863228195394065e-01 9.980117569236721664e-01 1.111168794741189542e-01
9.883890920913847022e-01 9.793220508500646293e-01 1.135527240501101320e-01
9.912917537040152327e-01 9.606322127429498536e-01 1.159886099256607905e-01
9.941945844954119815e-01 9.419425726860962689e-01 1.184244527808370057e-01
9.970973537672573883e-01 9.232528831166773031e-01 1.208603231690528607e-01
1.000000000000000000e+00 9.045630450095624164e-01 1.232961832323788559e-01
9.958003985851733297e-01 8.790139176520217479e-01 1.273214121007709143e-01
9.914461523980782065e-01 8.533154108849744235e-01 1.313811983755506507e-01
9.870921369093007547e-01 8.276170361514345597e-01 1.354409605589207144e-01
9.827379522417569735e-01 8.019187274346483152e-01 1.395007399504405443e-01
9.783836906747740425e-01 7.762203527011084514e-01 1.435605021338105802e-01
9.783836906747740425e-01 7.762203527011084514e-01 1.435605021338105802e-01
9.780441335109607559e-01 7.526758405748211755e-01 1.458236095814977873e-01
9.809467951235912864e-01 7.308711504805690540e-01 1.466355675247797141e-01
9.838495643954365821e-01 7.090664768905052817e-01 1.474475271888766592e-01
9.867523951868333310e-01 6.872618033004416205e-01 1.482594868529735765e-01
9.896551644586786267e-01 6.654571297103778482e-01 1.490714293089207276e-01
9.907050263626656639e-01 6.435531009059478613e-01 1.497797356828193815e-01
9.790941184540505882e-01 6.209695781595452324e-01 1.497797356828193815e-01
9.674830721264447986e-01 5.983862369592155561e-01 1.497797356828193815e-01
9.674830721264447986e-01 5.983862369592155561e-01 1.497797356828193815e-01
9.558720411787269278e-01 5.758027637253783082e-01 1.497797356828193815e-01
9.442609487114576039e-01 5.532194225250484099e-01 1.497797356828193815e-01
9.326499177637396221e-01 5.306358997786457810e-01 1.497797356828193815e-01
9.271531612282870594e-01 5.096927613289701231e-01 1.497797356828193815e-01
9.242505149955444477e-01 4.894455714971345239e-01 1.497797356828193815e-01
9.213477457236990409e-01 4.691984146736759009e-01 1.497797356828193815e-01
9.184449149323022921e-01 4.489512248418403573e-01 1.497797356828193815e-01
9.184449149323022921e-01 4.489512248418403573e-01 1.497797356828193815e-01
9.155422533196717616e-01 4.287040680183817343e-01 1.497797356828193815e-01
9.126394840478264658e-01 4.080259538265620933e-01 1.497797356828193815e-01
9.097366532564297170e-01 3.862212802364984321e-01 1.497797356828193815e-01
9.068338686046965025e-01 3.644166066464347153e-01 1.497797356828193815e-01
9.039312223719538908e-01 3.426119330563710541e-01 1.497797356828193815e-01
9.039312223719538908e-01 3.426119330563710541e-01 1.497797356828193815e-01
9.010284531001085950e-01 3.208072594663073374e-01 1.497797356828193815e-01
8.981256069288239274e-01 2.990025858762436761e-01 1.497797356828193815e-01
8.964581502485851061e-01 2.838254992351958994e-01 1.497797356828193815e-01
8.950067348528867317e-01 2.698081619153308575e-01 1.497797356828193815e-01
8.950067348528867317e-01 2.698081619153308575e-01 1.497797356828193815e-01
8.935553194571883573e-01 2.557908245954658710e-01 1.497797356828193815e-01
8.921039040614899829e-01 2.417734872756008013e-01 1.497797356828193815e-01
8.906525501853430615e-01 2.277563149976200851e-01 1.497797356828193815e-01
8.888924604406214236e-01 2.024720633602395681e-01 1.497797356828193815e-01
8.888924604406214236e-01 2.024720633602395681e-01 1.497797356828193815e-01
8.867152988973543426e-01 1.619776655419612466e-01 1.497797356828193815e-01
8.845382603931899457e-01 1.214832528699133357e-01 1.497797356828193815e-01
8.845382603931899457e-01 1.214832528699133357e-01 1.497797356828193815e-01
8.823612218890254377e-01 8.098882534409582168e-02 1.497797356828193815e-01
8.801840757256461645e-01 4.049441267204791084e-02 1.497797356828193815e-01
8.801840757256461645e-01 4.049441267204791084e-02 1.497797356828193815e-01
8.780070372214817676e-01 0.000000000000000000e+00 1.497797356828193815e-01
