8.961045751633986978e-01 9.926797385620913516e-01 8.992156862745098733e-01 1.000000000000000000e+00
8.899346405228758528e-01 9.926797385620913516e-01 8.957908496732026604e-01 1.000000000000000000e+00
8.831895424836599950e-01 9.909281045751634487e-01 8.922875816993465214e-01 1.000000000000000000e+00
8.789019607843135962e-01 9.889411764705882124e-01 8.890718954248365558e-01 1.000000000000000000e+00
8.726535947712417141e-01 9.889150326797384594e-01 8.852287581699347374e-01 1.000000000000000000e+00
8.656209150326797941e-01 9.859607843137254690e-01 8.813071895424837709e-01 1.000000000000000000e+00
8.622745098039216183e-01 9.852026143790848511e-01 8.781176470588235583e-01 1.000000000000000000e+00
8.546143790849674016e-01 9.844183006535949243e-01 8.718954248366013182e-01 1.000000000000000000e+00
8.479215686274510499e-01 9.813856209150326748e-01 8.687581699346406117e-01 1.000000000000000000e+00
8.436078431372547870e-01 9.813594771241830328e-01 8.648366013071896452e-01 1.000000000000000000e+00
8.377254901960783373e-01 9.813856209150326748e-01 8.616470588235293215e-01 1.000000000000000000e+00
8.302745098039214788e-01 9.775424836601308565e-01 8.577516339869279971e-01 1.000000000000000000e+00
8.247581699346406836e-01 9.775163398692812144e-01 8.543267973856208952e-01 1.000000000000000000e+00
8.199738562091503091e-01 9.767843137254902386e-01 8.506928104575163241e-01 1.000000000000000000e+00
8.129934640522876732e-01 9.737516339869281001e-01 8.470326797385621109e-01 1.000000000000000000e+00
8.063529411764707167e-01 9.737254901960784581e-01 8.436339869281046511e-01 1.000000000000000000e+00
8.027450980392156765e-01 9.714771241830063575e-01 8.396601307189541785e-01 1.000000000000000000e+00
7.949542483660131387e-01 9.699346405228758128e-01 8.363921568627450398e-01 1.000000000000000000e+00
7.894640522875816524e-01 9.699346405228758128e-01 8.302745098039214788e-01 1.000000000000000000e+00
7.845490196078431788e-01 9.665098039215685999e-01 8.271111111111111303e-01 1.000000000000000000e+00
7.776209150326798270e-01 9.661437908496733895e-01 8.231895424836600528e-01 1.000000000000000000e+00
7.733333333333333171e-01 9.661437908496733895e-01 8.197385620915034199e-01 1.000000000000000000e+00
7.674248366013071143e-01 9.630326797385622140e-01 8.161045751633986267e-01 1.000000000000000000e+00
7.603660130718954413e-01 9.622222222222223120e-01 8.124967320261438086e-01 1.000000000000000000e+00
7.541176470588235592e-01 9.621960784313726700e-01 8.089934640522876697e-01 1.000000000000000000e+00
7.501176470588234446e-01 9.583006535947713456e-01 8.051241830065359872e-01 1.000000000000000000e+00
7.423529411764706598e-01 9.583006535947713456e-01 7.996601307189543650e-01 1.000000000000000000e+00
7.380653594771241499e-01 9.583006535947713456e-01 7.972810457516340543e-01 1.000000000000000000e+00
7.290196078431372406e-01 9.535947712418300082e-01 7.905098039215685546e-01 1.000000000000000000e+00
7.182745098039216014e-01 9.465098039215685821e-01 7.820392156862745470e-01 1.000000000000000000e+00
7.076078431372548883e-01 9.391372549019608718e-01 7.751372549019607261e-01 1.000000000000000000e+00
6.951895424836600501e-01 9.346405228758170036e-01 7.673986928104574723e-01 1.000000000000000000e+00
6.857777777777779304e-01 9.284444444444446276e-01 7.603660130718954413e-01 1.000000000000000000e+00
6.769934640522876634e-01 9.229019607843137463e-01 7.529150326797385828e-01 1.000000000000000000e+00
6.622483660130720207e-01 9.158169934640524312e-01 7.422483660130717587e-01 1.000000000000000000e+00
6.543267973856208286e-01 9.102483660130717968e-01 7.349803921568627274e-01 1.000000000000000000e+00
6.449150326797384869e-01 9.051764705882353601e-01 7.289150326797384505e-01 1.000000000000000000e+00
6.038954248366013022e-01 8.572287581699346015e-01 6.860130718954248197e-01 1.000000000000000000e+00
6.235555555555555296e-01 8.931764705882352384e-01 7.136470588235295232e-01 1.000000000000000000e+00
6.113464052287580497e-01 8.852287581699347374e-01 7.054117647058824048e-01 1.000000000000000000e+00
6.024836601307188566e-01 8.817254901960784874e-01 6.989281045751635224e-01 1.000000000000000000e+00
5.915294117647058592e-01 8.742222222222222339e-01 6.912418300653594416e-01 1.000000000000000000e+00
5.784836601307189463e-01 8.666666666666666963e-01 6.806274509803921235e-01 1.000000000000000000e+00
5.702745098039214700e-01 8.629281045751634460e-01 6.731764705882352651e-01 1.000000000000000000e+00
5.593202614379084725e-01 8.561568627450981683e-01 6.656993464052287646e-01 1.000000000000000000e+00
5.488366013071894756e-01 8.487320261437908409e-01 6.574901960784313992e-01 1.000000000000000000e+00
5.380653594771240833e-01 8.443398692810457629e-01 6.477124183006536251e-01 1.000000000000000000e+00
5.271372549019607279e-01 8.380392156862744857e-01 6.401830065359477295e-01 1.000000000000000000e+00
5.168627450980392002e-01 8.302745098039214788e-01 6.323660130718954386e-01 1.000000000000000000e+00
5.078692810457515749e-01 8.270849673202614882e-01 6.260130718954247664e-01 1.000000000000000000e+00
4.952941176470588291e-01 8.199215686274510251e-01 6.181960784313724755e-01 1.000000000000000000e+00
4.846797385620915111e-01 8.124705882352941666e-01 6.111111111111110494e-01 1.000000000000000000e+00
4.760522875816993738e-01 8.082614379084966938e-01 6.032941176470587585e-01 1.000000000000000000e+00
4.654640522875817532e-01 8.019084967320262436e-01 5.968627450980391602e-01 1.000000000000000000e+00
4.532287581699346313e-01 7.948496732026143485e-01 5.852026143790850510e-01 1.000000000000000000e+00
4.438169934640522896e-01 7.894117647058823684e-01 5.781437908496732669e-01 1.000000000000000000e+00
4.329150326797386317e-01 7.838954248366014621e-01 5.710849673202613719e-01 1.000000000000000000e+00
4.257516339869281685e-01 7.752941176470589113e-01 5.632418300653593279e-01 1.000000000000000000e+00
4.202875816993463798e-01 7.653856209150325940e-01 5.584052287581700025e-01 1.000000000000000000e+00
4.144052287581699301e-01 7.556078431372548199e-01 5.526797385620915160e-01 1.000000000000000000e+00
4.108496732026144516e-01 7.468496732026143059e-01 5.483660130718953640e-01 1.000000000000000000e+00
4.037124183006536304e-01 7.375947712418300384e-01 5.418562091503267286e-01 1.000000000000000000e+00
3.998431372549020035e-01 7.286274509803921662e-01 5.350326797385620559e-01 1.000000000000000000e+00
3.935947712418301214e-01 7.211241830065360237e-01 5.310065359477124103e-01 1.000000000000000000e+00
3.892810457516340250e-01 7.111111111111111382e-01 5.262222222222222578e-01 1.000000000000000000e+00
3.823267973856209201e-01 7.002875816993464619e-01 5.200261437908496598e-01 1.000000000000000000e+00
3.778823529411764470e-01 6.916601307189541581e-01 5.122091503267973689e-01 1.000000000000000000e+00
3.731764705882353317e-01 6.849411764705882755e-01 5.089934640522876252e-01 1.000000000000000000e+00
3.669281045751634496e-01 6.755294117647058227e-01 5.027712418300652741e-01 1.000000000000000000e+00
3.637385620915032924e-01 6.661176470588234810e-01 4.980130718954248747e-01 1.000000000000000000e+00
3.558954248366013595e-01 6.551372549019608416e-01 4.902222222222222259e-01 1.000000000000000000e+00
3.519477124183006400e-01 6.480261437908496625e-01 4.862483660130719199e-01 1.000000000000000000e+00
3.464313725490196227e-01 6.405490196078430509e-01 4.797124183006535869e-01 1.000000000000000000e+00
3.417254901960784519e-01 6.304575163398693505e-01 4.729150326797385562e-01 1.000000000000000000e+00
3.349803921568627607e-01 6.200784313725489216e-01 4.686274509803921573e-01 1.000000000000000000e+00
3.309019607843137201e-01 6.112679738562091236e-01 4.635032679738562700e-01 1.000000000000000000e+00
3.122091503267973578e-01 5.796078431372548856e-01 4.392941176470587794e-01 1.000000000000000000e+00
3.174379084967320352e-01 5.882614379084967204e-01 4.469019607843137121e-01 1.000000000000000000e+00
3.141699346405228410e-01 5.852026143790850510e-01 4.461960784313725448e-01 1.000000000000000000e+00
3.087581699346405029e-01 5.753464052287581287e-01 4.406535947712418855e-01 1.000000000000000000e+00
3.047581699346405548e-01 5.663267973856208615e-01 4.359215686274509616e-01 1.000000000000000000e+00
2.977516339869281103e-01 5.558169934640522225e-01 4.281307189542483682e-01 1.000000000000000000e+00
2.929411764705882604e-01 5.483137254901960800e-01 4.234509803921568394e-01 1.000000000000000000e+00
2.867712418300653598e-01 5.396339869281044921e-01 4.179084967320261801e-01 1.000000000000000000e+00
2.824313725490196214e-01 5.302483660130717924e-01 4.139869281045752136e-01 1.000000000000000000e+00
2.812287581699346450e-01 5.232156862745097614e-01 4.123660130718954098e-01 1.000000000000000000e+00
2.883137254901961266e-01 5.200784313725489438e-01 4.176470588235294268e-01 1.000000000000000000e+00
2.914771241830065307e-01 5.185098039215686461e-01 4.218300653594771465e-01 1.000000000000000000e+00
2.969673202614379059e-01 5.146143790849673216e-01 4.250718954248366432e-01 1.000000000000000000e+00
3.043660130718954249e-01 5.114771241830065041e-01 4.319999999999999951e-01 1.000000000000000000e+00
3.102745098039215721e-01 5.075555555555555376e-01 4.359738562091503011e-01 1.000000000000000000e+00
3.142483660130718781e-01 5.077124183006536118e-01 4.419607843137254855e-01 1.000000000000000000e+00
3.205751633986927973e-01 5.039477124183006085e-01 4.453856209150326984e-01 1.000000000000000000e+00
3.268235294117647349e-01 5.021960784313725945e-01 4.517124183006536731e-01 1.000000000000000000e+00
3.315032679738562083e-01 4.990588235294118324e-01 4.586143790849673274e-01 1.000000000000000000e+00
3.370718954248366761e-01 4.956078431372548665e-01 4.619084967320261081e-01 1.000000000000000000e+00
3.425882352941176379e-01 4.921568627450980116e-01 4.692287581699346455e-01 1.000000000000000000e+00
3.480261437908496736e-01 4.908496732026144116e-01 4.728627450980392166e-01 1.000000000000000000e+00
3.551111111111111551e-01 4.869542483660130872e-01 4.783529411764705364e-01 1.000000000000000000e+00
3.613594771241830372e-01 4.854117647058823759e-01 4.823529411764705954e-01 1.000000000000000000e+00
3.652810457516340037e-01 4.815163398692811070e-01 4.870065359477124822e-01 1.000000000000000000e+00
3.716078431372549784e-01 4.783529411764705364e-01 4.925490196078431415e-01 1.000000000000000000e+00
3.793725490196078742e-01 4.751895424836601323e-01 4.972549019607843124e-01 1.000000000000000000e+00
3.825620915032680314e-01 4.728888888888889142e-01 5.027973856209149162e-01 1.000000000000000000e+00
3.888888888888888951e-01 4.697516339869281521e-01 5.096732026143789840e-01 1.000000000000000000e+00
3.961045751633986978e-01 4.658823529411764697e-01 5.129934640522876288e-01 1.000000000000000000e+00
3.995294117647059107e-01 4.635294117647059120e-01 5.184836601307188930e-01 1.000000000000000000e+00
4.065882352941176392e-01 4.607581699346405268e-01 5.236862745098038729e-01 1.000000000000000000e+00
4.139869281045752136e-01 4.572026143790849928e-01 5.294379084967320015e-01 1.000000000000000000e+00
4.171241830065359757e-01 4.556862745098039236e-01 5.333856209150326100e-01 1.000000000000000000e+00
4.241830065359477042e-01 4.517908496732025991e-01 5.380653594771240833e-01 1.000000000000000000e+00
4.288888888888889306e-01 4.486535947712418371e-01 5.436078431372548536e-01 1.000000000000000000e+00
4.351895424836600967e-01 4.447581699346405681e-01 5.498039215686274517e-01 1.000000000000000000e+00
4.414117647058823923e-01 4.453856209150326984e-01 5.545359477124183201e-01 1.000000000000000000e+00
4.444183006535947777e-01 4.386928104575163467e-01 5.592156862745097934e-01 1.000000000000000000e+00
4.219607843137254677e-01 4.094640522875816480e-01 5.366274509803922177e-01 1.000000000000000000e+00
4.443660130718953827e-01 4.221960784313725235e-01 5.680261437908497024e-01 1.000000000000000000e+00
4.437908496732026475e-01 4.139869281045752136e-01 5.748758169934639062e-01 1.000000000000000000e+00
4.437908496732026475e-01 4.061437908496732252e-01 5.773856209150327601e-01 1.000000000000000000e+00
4.453594771241830563e-01 3.990849673202614967e-01 5.811241830065358993e-01 1.000000000000000000e+00
4.477124183006536140e-01 3.888627450980392530e-01 5.876078431372548927e-01 1.000000000000000000e+00
4.477124183006536140e-01 3.825620915032680314e-01 5.907712418300652413e-01 1.000000000000000000e+00
4.477124183006536140e-01 3.753202614379085311e-01 5.970457516339869874e-01 1.000000000000000000e+00
4.477124183006536140e-01 3.674771241830065982e-01 6.009150326797386699e-01 1.000000000000000000e+00
4.476078431372549349e-01 3.574640522875817128e-01 6.056209150326797852e-01 1.000000000000000000e+00
4.509019607843136601e-01 3.511895424836601887e-01 6.111633986928104445e-01 1.000000000000000000e+00
4.515294117647059569e-01 3.440784313725490096e-01 6.143267973856209041e-01 1.000000000000000000e+00
4.516339869281045805e-01 3.378039215686274854e-01 6.205228758169935022e-01 1.000000000000000000e+00
4.507712418300652835e-01 3.281830065359477300e-01 6.244967320261437527e-01 1.000000000000000000e+00
4.495163398692810230e-01 3.204967320261437602e-01 6.290457516339870159e-01 1.000000000000000000e+00
4.494379084967319860e-01 3.135163398692810688e-01 6.346928104575162433e-01 1.000000000000000000e+00
4.525490196078431615e-01 3.069803921568627358e-01 6.381437908496732092e-01 1.000000000000000000e+00
4.518954248366012783e-01 2.969673202614379059e-01 6.454901960784313886e-01 1.000000000000000000e+00
4.518692810457515807e-01 2.906666666666666843e-01 6.492026143790849968e-01 1.000000000000000000e+00
4.517647058823529571e-01 2.843398692810457096e-01 6.527058823529411358e-01 1.000000000000000000e+00
4.517647058823529571e-01 2.741960784313725585e-01 6.586928104575163756e-01 1.000000000000000000e+00
4.532810457516340263e-01 2.670849673202613794e-01 6.628496732026143423e-01 1.000000000000000000e+00
4.557385620915032631e-01 2.612810457516339668e-01 6.683660130718954706e-01 1.000000000000000000e+00
4.556862745098039236e-01 2.538039215686274663e-01 6.713464052287581030e-01 1.000000000000000000e+00
4.556862745098039236e-01 2.451241830065359895e-01 6.755555555555554648e-01 1.000000000000000000e+00
4.556862745098039236e-01 2.386405228758169961e-01 6.822222222222220633e-01 1.000000000000000000e+00
4.556862745098039236e-01 2.332287581699346579e-01 6.858039215686275725e-01 1.000000000000000000e+00
4.587712418300652906e-01 2.263006535947712505e-01 6.905098039215685768e-01 1.000000000000000000e+00
4.556601307189542815e-01 2.192156862745097967e-01 6.874509803921569073e-01 1.000000000000000000e+00
4.556862745098039236e-01 2.113202614379085242e-01 6.874509803921569073e-01 1.000000000000000000e+00
4.556862745098039236e-01 2.080522875816993300e-01 6.874509803921569073e-01 1.000000000000000000e+00
4.556862745098039236e-01 2.019346405228758523e-01 6.874509803921569073e-01 1.000000000000000000e+00
4.556862745098039236e-01 1.949281045751633801e-01 6.874509803921569073e-01 1.000000000000000000e+00
4.556339869281046395e-01 1.900915032679738603e-01 6.874509803921569073e-01 1.000000000000000000e+00
4.556601307189542815e-01 1.831111111111111134e-01 6.874509803921569073e-01 1.000000000000000000e+00
4.555816993464052445e-01 1.783267973856209332e-01 6.874509803921569073e-01 1.000000000000000000e+00
4.555555555555555469e-01 1.713464052287581862e-01 6.874509803921569073e-01 1.000000000000000000e+00
4.555555555555555469e-01 1.665882352941176758e-01 6.874509803921569073e-01 1.000000000000000000e+00
4.536732026143790453e-01 1.603137254901960962e-01 6.845751633986928431e-01 1.000000000000000000e+00
4.359215686274509616e-01 1.494640522875816946e-01 6.587973856209149437e-01 1.000000000000000000e+00
4.557647058823529607e-01 1.509281045751633965e-01 6.877908496732026977e-01 1.000000000000000000e+00
4.555555555555555469e-01 1.454117647058823515e-01 6.865882352941176103e-01 1.000000000000000000e+00
4.555555555555555469e-01 1.429542483660130592e-01 6.834771241830066568e-01 1.000000000000000000e+00
4.555555555555555469e-01 1.375163398692810235e-01 6.834771241830066568e-01 1.000000000000000000e+00
4.555555555555555469e-01 1.328104575163398526e-01 6.835294117647059409e-01 1.000000000000000000e+00
4.555555555555555469e-01 1.281307189542483516e-01 6.835294117647059409e-01 1.000000000000000000e+00
4.555555555555555469e-01 1.241568627450980594e-01 6.834509803921570148e-01 1.000000000000000000e+00
4.555555555555555469e-01 1.194509803921568608e-01 6.834509803921570148e-01 1.000000000000000000e+00
4.555555555555555469e-01 1.155555555555555641e-01 6.834771241830066568e-01 1.000000000000000000e+00
4.555555555555555469e-01 1.119738562091503326e-01 6.834771241830066568e-01 1.000000000000000000e+00
4.555555555555555469e-01 1.084705882352941381e-01 6.835032679738562988e-01 1.000000000000000000e+00
4.555555555555555469e-01 1.061699346405228783e-01 6.835032679738562988e-01 1.000000000000000000e+00
4.555555555555555469e-01 1.019607843137254888e-01 6.834509803921570148e-01 1.000000000000000000e+00
4.555555555555555469e-01 9.837908496732025720e-02 6.834771241830066568e-01 1.000000000000000000e+00
4.555555555555555469e-01 9.667973856209149952e-02 6.835032679738562988e-01 1.000000000000000000e+00
4.555555555555555469e-01 9.275816993464051918e-02 6.834509803921570148e-01 1.000000000000000000e+00
4.524183006535947849e-01 8.813071895424837154e-02 6.802614379084968022e-01 1.000000000000000000e+00
4.485228758169934604e-01 8.666666666666666963e-02 6.794771241830065422e-01 1.000000000000000000e+00
4.450980392156862475e-01 8.666666666666666963e-02 6.794771241830065422e-01 1.000000000000000000e+00
4.411764705882352811e-01 8.666666666666666963e-02 6.794771241830064312e-01 1.000000000000000000e+00
4.359477124183006591e-01 8.653594771241829298e-02 6.755816993464053288e-01 1.000000000000000000e+00
4.320261437908496926e-01 8.653594771241829298e-02 6.755555555555555758e-01 1.000000000000000000e+00
4.304836601307189814e-01 8.650980392156862320e-02 6.755555555555555758e-01 1.000000000000000000e+00
4.273202614379085218e-01 8.640522875816994408e-02 6.755555555555555758e-01 1.000000000000000000e+00
4.210457516339869422e-01 8.640522875816994408e-02 6.724183006535948692e-01 1.000000000000000000e+00
4.179084967320261801e-01 8.640522875816994408e-02 6.716339869281046093e-01 1.000000000000000000e+00
4.139869281045752136e-01 8.640522875816994408e-02 6.716339869281046093e-01 1.000000000000000000e+00
4.105359477124183587e-01 8.640522875816994408e-02 6.716078431372548563e-01 1.000000000000000000e+00
4.069281045751634296e-01 8.640522875816994408e-02 6.677385620915033959e-01 1.000000000000000000e+00
4.030065359477124631e-01 8.640522875816994408e-02 6.677124183006536429e-01 1.000000000000000000e+00
3.998692810457516456e-01 8.640522875816994408e-02 6.677124183006536429e-01 1.000000000000000000e+00
3.959477124183006791e-01 8.640522875816994408e-02 6.677124183006536429e-01 1.000000000000000000e+00
3.927058823529412379e-01 8.420915032679739121e-02 6.653333333333334432e-01 1.000000000000000000e+00
3.888888888888888951e-01 8.274509803921568929e-02 6.637908496732026764e-01 1.000000000000000000e+00
3.849673202614379286e-01 8.274509803921568929e-02 6.637908496732026764e-01 1.000000000000000000e+00
3.814901960784313761e-01 8.274509803921568929e-02 6.637908496732026764e-01 1.000000000000000000e+00
3.778823529411764470e-01 8.256209150326797308e-02 6.606274509803922168e-01 1.000000000000000000e+00
3.746405228758170058e-01 8.277124183006535907e-02 6.607581699346404269e-01 1.000000000000000000e+00
3.525228758169934862e-01 7.751633986928105347e-02 6.283398692810456820e-01 1.000000000000000000e+00
3.674771241830065427e-01 8.271895424836603339e-02 6.608627450980393281e-01 1.000000000000000000e+00
3.637385620915032924e-01 8.248366013071896374e-02 6.574901960784315103e-01 1.000000000000000000e+00
3.598431372549020235e-01 8.248366013071896374e-02 6.559477124183007435e-01 1.000000000000000000e+00
3.566535947712418664e-01 8.248366013071896374e-02 6.559477124183007435e-01 1.000000000000000000e+00
3.504313725490196263e-01 8.248366013071896374e-02 6.559477124183007435e-01 1.000000000000000000e+00
3.488627450980392730e-01 8.248366013071896374e-02 6.559477124183007435e-01 1.000000000000000000e+00
3.436862745098039351e-01 8.248366013071896374e-02 6.559477124183007435e-01 1.000000000000000000e+00
3.400522875816993640e-01 8.248366013071896374e-02 6.559477124183007435e-01 1.000000000000000000e+00
3.345359477124184022e-01 8.248366013071896374e-02 6.559477124183007435e-01 1.000000000000000000e+00
3.292026143790849901e-01 8.248366013071896374e-02 6.559477124183007435e-01 1.000000000000000000e+00
3.260130718954249440e-01 8.248366013071896374e-02 6.559477124183007435e-01 1.000000000000000000e+00
3.210980392156862484e-01 8.248366013071896374e-02 6.559477124183007435e-01 1.000000000000000000e+00
3.157908496732026449e-01 8.248366013071896374e-02 6.559477124183007435e-01 1.000000000000000000e+00
3.125228758169935062e-01 8.248366013071896374e-02 6.559477124183007435e-01 1.000000000000000000e+00
3.063529411764706056e-01 8.248366013071896374e-02 6.559477124183007435e-01 1.000000000000000000e+00
3.016732026143790768e-01 8.248366013071896374e-02 6.559477124183007435e-01 1.000000000000000000e+00
2.977254901960784128e-01 8.248366013071896374e-02 6.559477124183007435e-01 1.000000000000000000e+00
2.917647058823529815e-01 8.248366013071896374e-02 6.559477124183007435e-01 1.000000000000000000e+00
2.882875816993464846e-01 8.248366013071896374e-02 6.559477124183007435e-01 1.000000000000000000e+00
2.850980392156862719e-01 8.248366013071896374e-02 6.559477124183007435e-01 1.000000000000000000e+00
2.773333333333333206e-01 8.248366013071896374e-02 6.559477124183007435e-01 1.000000000000000000e+00
2.738300653594771261e-01 8.248366013071896374e-02 6.559477124183007435e-01 1.000000000000000000e+00
2.702745098039215366e-01 8.248366013071896374e-02 6.559477124183007435e-01 1.000000000000000000e+00
2.638692810457516358e-01 8.232679738562091731e-02 6.559477124183007435e-01 1.000000000000000000e+00
2.592941176470587861e-01 8.036601307189542021e-02 6.559477124183007435e-01 1.000000000000000000e+00
2.553725490196078196e-01 7.882352941176470895e-02 6.559477124183007435e-01 1.000000000000000000e+00
2.498823529411764444e-01 7.882352941176470895e-02 6.559477124183007435e-01 1.000000000000000000e+00
2.467189542483660125e-01 7.882352941176470895e-02 6.559477124183007435e-01 1.000000000000000000e+00
2.404705882352941582e-01 7.882352941176470895e-02 6.559477124183007435e-01 1.000000000000000000e+00
2.364705882352940991e-01 7.882352941176470895e-02 6.559477124183007435e-01 1.000000000000000000e+00
2.318169934640522678e-01 7.882352941176470895e-02 6.559477124183007435e-01 1.000000000000000000e+00
2.259869281045751577e-01 7.882352941176470895e-02 6.559477124183007435e-01 1.000000000000000000e+00
2.223790849673202841e-01 7.882352941176470895e-02 6.559477124183007435e-01 1.000000000000000000e+00
2.168888888888889088e-01 7.882352941176470895e-02 6.559477124183007435e-01 1.000000000000000000e+00
2.129934640522875844e-01 7.861437908496732296e-02 6.527843137254901729e-01 1.000000000000000000e+00
2.089934640522875808e-01 7.856209150326798341e-02 6.480000000000000204e-01 1.000000000000000000e+00
2.043398692810457495e-01 7.856209150326798341e-02 6.433464052287581891e-01 1.000000000000000000e+00
1.987189542483659976e-01 7.683660130718954206e-02 6.352156862745097499e-01 1.000000000000000000e+00
1.880522875816993400e-01 7.132026143790849704e-02 6.115032679738562349e-01 1.000000000000000000e+00
1.933594771241829990e-01 7.474509803921569606e-02 6.325751633986927969e-01 1.000000000000000000e+00
1.894117647058823350e-01 7.464052287581700307e-02 6.284967320261438672e-01 1.000000000000000000e+00
1.862222222222222057e-01 7.464052287581700307e-02 6.253071895424836546e-01 1.000000000000000000e+00
1.823529411764705788e-01 7.464052287581700307e-02 6.214117647058823302e-01 1.000000000000000000e+00
1.789803921568627609e-01 7.239215686274509676e-02 6.173856209150326846e-01 1.000000000000000000e+00
1.734640522875817159e-01 7.079738562091503207e-02 6.127320261437907423e-01 1.000000000000000000e+00
1.704052287581699354e-01 7.071895424836602273e-02 6.088104575163398868e-01 1.000000000000000000e+00
1.671633986928104387e-01 7.071895424836602273e-02 6.049411764705882044e-01 1.000000000000000000e+00
1.633986928104575187e-01 7.071895424836602273e-02 6.015163398692811025e-01 1.000000000000000000e+00
1.587189542483659899e-01 6.828758169934641409e-02 5.968104575163398762e-01 1.000000000000000000e+00
1.550065359477124094e-01 6.687581699346405173e-02 5.923660130718954031e-01 1.000000000000000000e+00
1.514509803921568754e-01 6.679738562091504239e-02 5.890718954248365113e-01 1.000000000000000000e+00
1.476862745098038998e-01 6.679738562091504239e-02 5.853071895424836191e-01 1.000000000000000000e+00
1.444967320261437704e-01 6.679738562091504239e-02 5.813856209150326526e-01 1.000000000000000000e+00
1.406013071895424738e-01 6.530718954248367070e-02 5.778562091503267606e-01 1.000000000000000000e+00
1.351633986928104381e-01 6.295424836601307139e-02 5.727058823529412868e-01 1.000000000000000000e+00
1.319477124183006389e-01 6.287581699346406205e-02 5.687843137254903203e-01 1.000000000000000000e+00
1.280261437908496447e-01 6.287581699346406205e-02 5.652549019607842062e-01 1.000000000000000000e+00
1.241307189542483480e-01 6.287581699346406205e-02 5.617254901960783142e-01 1.000000000000000000e+00
1.209673202614379300e-01 6.211764705882352744e-02 5.578300653594769898e-01 1.000000000000000000e+00
1.170457516339869497e-01 5.908496732026143755e-02 5.539084967320261343e-01 1.000000000000000000e+00
1.138562091503268203e-01 5.895424836601308172e-02 5.504313725490195264e-01 1.000000000000000000e+00
1.100392156862745191e-01 5.877124183006536551e-02 5.467450980392156712e-01 1.000000000000000000e+00
